1.00000	0.10395	0.29165	0.28702	0.14587	0.09370	0.31492	0.02471	0.12809	0.10928	0.00000	0.15699	0.18175	0.07194	0.24020	0.20926	0.04422	0.05673	0.00000	0.00000	0.04504	0.22825	0.07727	0.15124	0.12202	0.02927	0.05896	0.10873	0.00000	0.00000	0.20382	0.20112	0.31442	0.00000	0.00000	0.14446	0.14261	0.00000	0.56147	0.12097	0.05550	0.00000	0.06524	0.14042	0.06245	0.22703	0.01850	0.02605	0.00000	0.26119	0.07089	0.00000	0.04073	0.24934	0.00000	0.15423	0.13148	0.00000	0.00000	0.00000	0.12506	0.05589	0.05940	0.10695	0.24257	0.00000	0.10482	0.04685	0.11297	0.09276	0.07029	0.00000	0.06184	0.22503	0.08081	0.14590	0.06313
0.10395	1.00000	0.18205	0.10492	0.08223	0.00000	0.02782	0.17499	0.12908	0.10269	0.07224	0.00000	0.00000	0.06702	0.00000	0.12300	0.05234	0.00000	0.00000	0.00000	0.02504	0.11358	0.14856	0.07882	0.06515	0.01628	0.03787	0.04120	0.00000	0.04294	0.00000	0.00000	0.12863	0.12913	0.17336	0.10001	0.11850	0.16858	0.00000	0.07671	0.00000	0.00000	0.07778	0.10839	0.17594	0.03092	0.17948	0.15112	0.00000	0.14074	0.00000	0.11895	0.14393	0.08156	0.00000	0.15455	0.03761	0.00000	0.00000	0.00000	0.05756	0.04265	0.00000	0.09281	0.00000	0.00000	0.00000	0.14864	0.10233	0.08372	0.10406	0.00000	0.03908	0.04874	0.00000	0.12548	0.17071
0.29165	0.18205	1.00000	0.31504	0.02456	0.00000	0.28659	0.00000	0.00000	0.03956	0.00000	0.05102	0.24624	0.09487	0.03079	0.08201	0.08529	0.00000	0.05459	0.00000	0.06844	0.18202	0.04743	0.12528	0.09380	0.04449	0.07259	0.00000	0.00000	0.07629	0.00000	0.02255	0.32476	0.02842	0.03758	0.10922	0.04580	0.00000	0.14789	0.17848	0.00000	0.00000	0.06850	0.16699	0.03765	0.24377	0.00000	0.02641	0.00000	0.22691	0.00000	0.00000	0.00000	0.16685	0.07787	0.23501	0.15804	0.04253	0.03451	0.03379	0.18995	0.14486	0.09360	0.02732	0.00000	0.06425	0.00000	0.01617	0.04537	0.03712	0.07764	0.00000	0.03465	0.34475	0.02916	0.15795	0.06531
0.28702	0.10492	0.31504	1.00000	0.11842	0.08959	0.28970	0.11197	0.27043	0.14941	0.05531	0.21550	0.18018	0.20443	0.13966	0.20045	0.14269	0.19024	0.06718	0.05339	0.11575	0.37100	0.15552	0.19076	0.23425	0.15006	0.16930	0.23452	0.06659	0.11956	0.11843	0.31343	0.38835	0.13597	0.13207	0.23569	0.13740	0.06470	0.24311	0.25896	0.07049	0.04627	0.11782	0.18717	0.15461	0.22984	0.05043	0.14197	0.13600	0.34334	0.06890	0.09150	0.09194	0.18252	0.11208	0.09646	0.17899	0.01834	0.02978	0.01457	0.15742	0.14393	0.07968	0.24184	0.12995	0.13313	0.12827	0.11401	0.12946	0.14628	0.14098	0.08327	0.12967	0.14727	0.13255	0.20502	0.05418
0.14587	0.08223	0.02456	0.11842	1.00000	0.03041	0.13324	0.09474	0.14548	0.09421	0.05917	0.11227	0.06055	0.09494	0.17521	0.14949	0.06384	0.10614	0.02426	0.07468	0.02473	0.17289	0.13302	0.03032	0.08101	0.01832	0.06537	0.08441	0.00000	0.03521	0.08137	0.13013	0.21055	0.07881	0.10442	0.09811	0.19686	0.06859	0.18912	0.10921	0.05120	0.00000	0.06265	0.05256	0.14061	0.04653	0.10680	0.09830	0.06060	0.15001	0.02339	0.09752	0.11769	0.10046	0.04099	0.00000	0.02807	0.00000	0.00000	0.00000	0.02337	0.05263	0.08503	0.12734	0.09561	0.04601	0.06691	0.16462	0.34909	0.29939	0.07534	0.02896	0.08030	0.03734	0.02691	0.11912	0.02790
0.09370	0.00000	0.00000	0.08959	0.03041	1.00000	0.11124	0.09837	0.12207	0.16684	0.00000	0.18704	0.17335	0.07402	0.08923	0.12774	0.11799	0.14571	0.00000	0.00000	0.07602	0.05750	0.04030	0.16022	0.14853	0.07246	0.10545	0.17362	0.00000	0.00000	0.30399	0.06725	0.08193	0.00000	0.00000	0.16314	0.04144	0.00000	0.17354	0.14270	0.22509	0.18243	0.08545	0.27882	0.04766	0.03039	0.00000	0.00000	0.00000	0.07423	0.13960	0.00000	0.00000	0.00000	0.13978	0.00000	0.09996	0.00000	0.25599	0.00000	0.00000	0.09662	0.03834	0.00000	0.15066	0.15882	0.00000	0.10258	0.05683	0.14153	0.11795	0.03946	0.20273	0.00000	0.08541	0.08107	0.00000
0.31492	0.02782	0.28659	0.28970	0.13324	0.11124	1.00000	0.01946	0.32167	0.10212	0.00000	0.17055	0.25588	0.08937	0.20136	0.13747	0.14002	0.22275	0.00000	0.00000	0.05389	0.36870	0.08465	0.12604	0.15067	0.06794	0.08018	0.26189	0.00000	0.05775	0.14454	0.22984	0.37813	0.02151	0.02845	0.19084	0.11948	0.00000	0.31266	0.15511	0.04369	0.00000	0.06851	0.12005	0.07769	0.19705	0.01460	0.04051	0.02365	0.25153	0.04646	0.00000	0.03215	0.10986	0.07358	0.10755	0.20769	0.03220	0.02612	0.02558	0.11883	0.08900	0.11654	0.17200	0.17227	0.09720	0.13839	0.08597	0.15762	0.12921	0.12042	0.02378	0.09543	0.24063	0.07508	0.16391	0.05233
0.02471	0.17499	0.00000	0.11197	0.09474	0.09837	0.01946	1.00000	0.13427	0.25049	0.06242	0.11768	0.00000	0.14389	0.03006	0.14022	0.14997	0.05916	0.02518	0.00000	0.02133	0.11202	0.13944	0.08110	0.15528	0.08363	0.16753	0.12493	0.09133	0.15052	0.17868	0.06724	0.04408	0.11149	0.14968	0.15709	0.13052	0.14526	0.03174	0.13241	0.13118	0.17525	0.26849	0.24478	0.19935	0.04877	0.11405	0.20797	0.00000	0.15749	0.10944	0.10277	0.08280	0.07046	0.09652	0.00000	0.00000	0.00000	0.13907	0.00000	0.02472	0.12977	0.00000	0.08027	0.05033	0.12770	0.03529	0.30347	0.08842	0.14546	0.11915	0.00000	0.17287	0.00000	0.08581	0.15088	0.11667
0.12809	0.12908	0.00000	0.27043	0.14548	0.12207	0.32167	0.13427	1.00000	0.20078	0.10884	0.17305	0.11676	0.10138	0.24221	0.18862	0.11165	0.32858	0.08829	0.10503	0.04127	0.24752	0.20950	0.12891	0.16404	0.06521	0.11657	0.36265	0.00000	0.03229	0.19682	0.30877	0.24607	0.25809	0.32111	0.31934	0.17182	0.14960	0.20603	0.14706	0.02284	0.00000	0.07958	0.10074	0.11021	0.02318	0.11660	0.18986	0.05280	0.12924	0.09346	0.33151	0.24536	0.23885	0.08841	0.00000	0.14435	0.00000	0.00000	0.00000	0.00000	0.03209	0.05198	0.27342	0.14681	0.11065	0.25211	0.17027	0.13579	0.12682	0.21678	0.13682	0.15225	0.00000	0.10676	0.17525	0.05531
0.10928	0.10269	0.03956	0.14941	0.09421	0.16684	0.10212	0.25049	0.20078	1.00000	0.38066	0.27760	0.04783	0.21527	0.16619	0.22084	0.16599	0.06912	0.06250	0.09104	0.13044	0.18183	0.27786	0.17845	0.24315	0.15380	0.24604	0.22517	0.04628	0.05486	0.20026	0.16640	0.12480	0.18054	0.17370	0.25682	0.31314	0.32568	0.09914	0.26442	0.19729	0.14177	0.25728	0.27301	0.30246	0.07251	0.35783	0.19161	0.02987	0.16976	0.20515	0.18279	0.13405	0.11390	0.12642	0.02231	0.12996	0.06126	0.15475	0.11388	0.07383	0.10069	0.05880	0.09243	0.10253	0.14870	0.05221	0.28339	0.09824	0.19874	0.29655	0.07555	0.21249	0.03980	0.15884	0.45976	0.24191
0.00000	0.07224	0.00000	0.05531	0.05917	0.00000	0.00000	0.06242	0.10884	0.38066	1.00000	0.00000	0.00000	0.09205	0.00000	0.18278	0.04201	0.00000	0.00000	0.00000	0.00000	0.05190	0.13695	0.10099	0.06988	0.01728	0.12226	0.06666	0.00000	0.04631	0.00000	0.00000	0.03653	0.13849	0.18331	0.15076	0.13361	0.45253	0.00000	0.12904	0.00000	0.00000	0.02742	0.02309	0.09402	0.00000	0.54526	0.22579	0.00000	0.03557	0.00000	0.19271	0.15473	0.13211	0.00000	0.00000	0.00000	0.00000	0.00000	0.16556	0.00000	0.02299	0.00000	0.03322	0.00000	0.00000	0.00000	0.17980	0.05523	0.09295	0.18537	0.00000	0.10543	0.00000	0.00000	0.22385	0.07349
0.15699	0.00000	0.05102	0.21550	0.11227	0.18704	0.17055	0.11768	0.17305	0.27760	0.00000	1.00000	0.13222	0.22986	0.14512	0.20682	0.22085	0.23416	0.07444	0.16307	0.07880	0.23614	0.17125	0.24244	0.26464	0.18304	0.19041	0.21915	0.05451	0.02168	0.25795	0.28569	0.17802	0.04853	0.00000	0.19406	0.11058	0.00000	0.22799	0.20753	0.21932	0.06230	0.20594	0.25328	0.22471	0.08467	0.00000	0.09083	0.18273	0.19520	0.21814	0.00000	0.00000	0.08242	0.12865	0.00000	0.07678	0.07278	0.16305	0.05790	0.11690	0.07843	0.15742	0.11051	0.12223	0.13014	0.10383	0.10212	0.07798	0.18236	0.10769	0.09669	0.23207	0.04652	0.22434	0.23827	0.00000
0.18175	0.00000	0.24624	0.18018	0.06055	0.17335	0.25588	0.00000	0.11676	0.04783	0.00000	0.13222	1.00000	0.14875	0.12094	0.06705	0.13010	0.10740	0.00000	0.00000	0.02709	0.14353	0.05880	0.19681	0.14428	0.01762	0.06195	0.09926	0.00000	0.09457	0.11596	0.09040	0.19283	0.03522	0.04658	0.15768	0.07504	0.00000	0.32786	0.15213	0.00000	0.00000	0.08501	0.14441	0.03110	0.15257	0.00000	0.03273	0.00000	0.17774	0.06944	0.00000	0.00000	0.13635	0.07240	0.17177	0.25259	0.05272	0.04277	0.04189	0.15770	0.14664	0.15410	0.03387	0.13975	0.09950	0.00000	0.06013	0.11248	0.09201	0.17277	0.00000	0.13050	0.15293	0.11538	0.11189	0.00000
0.07194	0.06702	0.09487	0.20443	0.09494	0.07402	0.08937	0.14389	0.10138	0.21527	0.09205	0.22986	0.14875	1.00000	0.05149	0.15055	0.32457	0.04800	0.00000	0.00000	0.03684	0.11290	0.16369	0.15850	0.20154	0.05562	0.11185	0.24425	0.07900	0.12757	0.05489	0.08805	0.10138	0.14374	0.14945	0.16862	0.17670	0.10225	0.08998	0.17346	0.02997	0.08007	0.21551	0.18228	0.20575	0.10020	0.09216	0.10454	0.01737	0.20853	0.13050	0.11767	0.11825	0.14185	0.05453	0.02381	0.03390	0.16701	0.19301	0.13314	0.21753	0.10695	0.20907	0.04568	0.00000	0.11700	0.00000	0.13629	0.12672	0.15571	0.17774	0.00000	0.16835	0.14490	0.18369	0.15279	0.03539
0.24020	0.00000	0.03079	0.13966	0.17521	0.08923	0.20136	0.03006	0.24221	0.16619	0.00000	0.14512	0.12094	0.05149	1.00000	0.10652	0.06745	0.10198	0.06117	0.14517	0.08263	0.17223	0.07574	0.17256	0.12382	0.05658	0.06344	0.15979	0.00000	0.04456	0.21616	0.27923	0.16540	0.03325	0.04396	0.25270	0.19567	0.00000	0.24953	0.24583	0.06549	0.00000	0.05292	0.00000	0.14891	0.03054	0.02253	0.06259	0.03641	0.10472	0.12748	0.00000	0.04961	0.00000	0.07478	0.00000	0.19709	0.04976	0.04037	0.03954	0.02930	0.02212	0.00000	0.12948	0.25740	0.05838	0.08490	0.07586	0.16209	0.17697	0.11787	0.07365	0.10460	0.00000	0.17973	0.12806	0.00000
0.20926	0.12300	0.08201	0.20045	0.14949	0.12774	0.13747	0.14022	0.18862	0.22084	0.18278	0.20682	0.06705	0.15055	0.10652	1.00000	0.09413	0.01944	0.03496	0.00000	0.02994	0.16553	0.25883	0.04509	0.18849	0.05795	0.10274	0.17558	0.11045	0.05315	0.24255	0.17544	0.16513	0.23771	0.17113	0.14612	0.22868	0.14765	0.24614	0.17583	0.18554	0.12195	0.15376	0.20085	0.19149	0.06758	0.14399	0.14320	0.02100	0.25469	0.03465	0.26513	0.25213	0.33941	0.10845	0.00000	0.00000	0.00000	0.12308	0.00000	0.05135	0.16037	0.04179	0.19053	0.06983	0.08740	0.19096	0.20143	0.15438	0.17735	0.09387	0.00000	0.14242	0.05522	0.04070	0.19315	0.00000
0.04422	0.05234	0.08529	0.14269	0.06384	0.11799	0.14002	0.14997	0.11165	0.16599	0.04201	0.22085	0.13010	0.32457	0.06745	0.09413	1.00000	0.11614	0.03398	0.00000	0.00956	0.12509	0.11460	0.11842	0.14832	0.12904	0.17477	0.21492	0.02047	0.08352	0.04337	0.08892	0.11879	0.10124	0.06712	0.12681	0.17989	0.08077	0.07011	0.19666	0.10746	0.11162	0.27093	0.22636	0.27312	0.08924	0.07744	0.10464	0.04098	0.25295	0.08498	0.02304	0.03707	0.06323	0.09517	0.03739	0.05324	0.09347	0.14002	0.08912	0.12146	0.15436	0.20991	0.04781	0.00000	0.20921	0.03164	0.12888	0.07945	0.11485	0.16134	0.10341	0.24746	0.11082	0.07673	0.14358	0.16353
0.05673	0.00000	0.00000	0.19024	0.10614	0.14571	0.22275	0.05916	0.32858	0.06912	0.00000	0.23416	0.10740	0.04800	0.10198	0.01944	0.11614	1.00000	0.02869	0.08831	0.10089	0.35971	0.03532	0.19887	0.20676	0.16141	0.09541	0.23957	0.00000	0.00000	0.09373	0.14231	0.20457	0.00000	0.00000	0.13728	0.04848	0.00000	0.14170	0.09208	0.11721	0.07800	0.12307	0.10335	0.05536	0.05492	0.00000	0.02962	0.45480	0.04825	0.05645	0.00000	0.00000	0.00000	0.04842	0.00000	0.10117	0.00000	0.00000	0.00000	0.00000	0.02071	0.06684	0.03032	0.11451	0.08937	0.03958	0.07064	0.07432	0.10131	0.08916	0.13720	0.15360	0.00000	0.06483	0.10755	0.00000
0.00000	0.00000	0.05459	0.06718	0.02426	0.00000	0.00000	0.02518	0.08829	0.06250	0.00000	0.07444	0.00000	0.00000	0.06117	0.03496	0.03398	0.02869	1.00000	0.12303	0.14685	0.07011	0.04757	0.06697	0.10494	0.26966	0.17364	0.07577	0.00000	0.00000	0.04236	0.13354	0.07586	0.00000	0.00000	0.05464	0.00000	0.00000	0.00000	0.03340	0.02643	0.00000	0.02222	0.01870	0.07617	0.00000	0.00000	0.02594	0.03110	0.00000	0.05057	0.00000	0.00000	0.00000	0.43334	0.00000	0.06029	0.00000	0.00000	0.00000	0.00000	0.00000	0.00000	0.05427	0.00000	0.31927	0.07127	0.01632	0.00000	0.01855	0.06566	0.18577	0.05399	0.00000	0.05784	0.08855	0.00000
0.00000	0.00000	0.00000	0.05339	0.07468	0.00000	0.00000	0.00000	0.10503	0.09104	0.00000	0.16307	0.00000	0.00000	0.14517	0.00000	0.00000	0.08831	0.12303	1.00000	0.11808	0.04372	0.05067	0.07737	0.07216	0.08425	0.09119	0.00000	0.00000	0.00000	0.00000	0.10611	0.04619	0.00000	0.00000	0.08320	0.00000	0.00000	0.00000	0.07934	0.00000	0.00000	0.00000	0.00000	0.09180	0.00000	0.00000	0.00000	0.09571	0.00000	0.22488	0.00000	0.00000	0.00000	0.10840	0.00000	0.14319	0.00000	0.00000	0.00000	0.00000	0.00000	0.00000	0.00000	0.00000	0.08072	0.00000	0.00000	0.00000	0.05708	0.08954	0.14774	0.05431	0.00000	0.13734	0.06423	0.00000
0.04504	0.02504	0.06844	0.11575	0.02473	0.07602	0.05389	0.02133	0.04127	0.13044	0.00000	0.07880	0.02709	0.03684	0.08263	0.02994	0.00956	0.10089	0.14685	0.11808	1.00000	0.14868	0.05797	0.18146	0.24717	0.41839	0.34782	0.00000	0.04069	0.03163	0.03484	0.06041	0.10439	0.02360	0.03121	0.12171	0.11781	0.00000	0.00000	0.10124	0.09040	0.05940	0.03737	0.06354	0.08234	0.10348	0.00000	0.02193	0.13532	0.04907	0.04716	0.00000	0.00000	0.00000	0.18523	0.03854	0.13433	0.10114	0.09195	0.02806	0.06922	0.07886	0.00000	0.02269	0.00000	0.13035	0.00000	0.04089	0.01884	0.04976	0.14874	0.17088	0.10561	0.06886	0.07819	0.10827	0.12584
0.22825	0.11358	0.18202	0.37100	0.17289	0.05750	0.36870	0.11202	0.24752	0.18183	0.05190	0.23614	0.14353	0.11290	0.17223	0.16553	0.12509	0.35971	0.07011	0.04372	0.14868	1.00000	0.20314	0.18460	0.22221	0.20091	0.12958	0.17353	0.00000	0.08568	0.12222	0.34311	0.43845	0.07721	0.10334	0.16682	0.16186	0.08075	0.20072	0.24036	0.10207	0.03868	0.16128	0.14515	0.15793	0.21853	0.10506	0.11789	0.28536	0.24318	0.04372	0.05699	0.06882	0.13926	0.11927	0.07128	0.17428	0.02297	0.01864	0.03651	0.11389	0.11466	0.10273	0.17372	0.15703	0.10509	0.11969	0.16165	0.17290	0.18180	0.16995	0.08564	0.14302	0.18702	0.06576	0.25649	0.16480
0.07727	0.14856	0.04743	0.15552	0.13302	0.04030	0.08465	0.13944	0.20950	0.27786	0.13695	0.17125	0.05880	0.16369	0.07574	0.25883	0.11460	0.03532	0.04757	0.05067	0.05797	0.20314	1.00000	0.10958	0.14857	0.05512	0.08315	0.14816	0.06012	0.11831	0.10523	0.15473	0.14716	0.17670	0.21948	0.15076	0.37283	0.23676	0.10210	0.19540	0.04847	0.02144	0.12244	0.13872	0.32467	0.07432	0.21908	0.17646	0.01948	0.18733	0.01587	0.23109	0.17013	0.21222	0.09994	0.02562	0.05553	0.02550	0.06232	0.04053	0.07822	0.10413	0.03679	0.15356	0.03108	0.08997	0.16875	0.29637	0.12342	0.16873	0.19892	0.01965	0.17042	0.04811	0.11041	0.29189	0.14909
0.15124	0.07882	0.12528	0.19076	0.03032	0.16022	0.12604	0.08110	0.12891	0.17845	0.10099	0.24244	0.19681	0.15850	0.17256	0.04509	0.11842	0.19887	0.06697	0.07737	0.18146	0.18460	0.10958	1.00000	0.28525	0.21881	0.21297	0.17375	0.00000	0.07527	0.15924	0.09384	0.18302	0.03551	0.04699	0.52081	0.08766	0.00000	0.11287	0.10610	0.11823	0.09069	0.12762	0.17898	0.15028	0.14106	0.06028	0.01649	0.15710	0.15238	0.15585	0.00000	0.00000	0.00000	0.11356	0.11127	0.15322	0.07607	0.11329	0.10596	0.13272	0.07168	0.05736	0.01706	0.08431	0.14270	0.00000	0.12186	0.07084	0.16378	0.25533	0.13844	0.22338	0.12878	0.14241	0.24618	0.05739
0.12202	0.06515	0.09380	0.23425	0.08101	0.14853	0.15067	0.15528	0.16404	0.24315	0.06988	0.26464	0.14428	0.20154	0.12382	0.18849	0.14832	0.20676	0.10494	0.07216	0.24717	0.22221	0.14857	0.28525	1.00000	0.35152	0.30156	0.21840	0.02554	0.06235	0.17994	0.15833	0.17619	0.09307	0.12311	0.22486	0.14533	0.05406	0.12477	0.17747	0.13377	0.13720	0.28506	0.27343	0.17464	0.10757	0.06305	0.08647	0.15728	0.18695	0.14804	0.11523	0.11577	0.13816	0.14885	0.04881	0.14277	0.06662	0.11889	0.03689	0.14608	0.13532	0.06716	0.05970	0.06030	0.19759	0.01976	0.19512	0.08684	0.18516	0.27064	0.13982	0.30745	0.06783	0.15034	0.28611	0.07639
0.02927	0.01628	0.04449	0.15006	0.01832	0.07246	0.06794	0.08363	0.06521	0.15380	0.01728	0.18304	0.01762	0.05562	0.05658	0.05795	0.12904	0.16141	0.26966	0.08425	0.41839	0.20091	0.05512	0.21881	0.35152	1.00000	0.29519	0.13373	0.00000	0.02057	0.09965	0.10242	0.14631	0.03070	0.02030	0.13824	0.06429	0.00000	0.00000	0.13158	0.13115	0.09725	0.15858	0.10287	0.16084	0.08033	0.01040	0.04279	0.19174	0.07155	0.10311	0.00000	0.00000	0.00000	0.41675	0.02506	0.12336	0.02297	0.07500	0.03651	0.02709	0.08232	0.01655	0.04462	0.00000	0.41102	0.03921	0.07958	0.01225	0.11590	0.28927	0.18615	0.21880	0.04476	0.05354	0.18650	0.14153
0.05896	0.03787	0.07259	0.16930	0.06537	0.10545	0.08018	0.16753	0.11657	0.24604	0.12226	0.19041	0.06195	0.11185	0.06344	0.10274	0.17477	0.09541	0.17364	0.09119	0.34782	0.12958	0.08315	0.21297	0.30156	0.29519	1.00000	0.13304	0.00000	0.04822	0.20946	0.07503	0.12857	0.07197	0.09515	0.22838	0.09332	0.04705	0.04059	0.15416	0.17775	0.13625	0.13195	0.21224	0.12396	0.09561	0.07350	0.20178	0.13160	0.11311	0.06861	0.10024	0.08048	0.06871	0.22489	0.02939	0.10284	0.02692	0.11204	0.08636	0.03176	0.14620	0.03879	0.05200	0.00000	0.27729	0.02299	0.18623	0.07180	0.13254	0.20931	0.10441	0.22723	0.07946	0.07957	0.17284	0.09601
0.10873	0.04120	0.00000	0.23452	0.08441	0.17362	0.26189	0.12493	0.36265	0.22517	0.06666	0.21915	0.09926	0.24425	0.15979	0.17558	0.21492	0.23957	0.07577	0.00000	0.00000	0.17353	0.14816	0.17375	0.21840	0.13373	0.13304	1.00000	0.03248	0.05286	0.23327	0.23844	0.18463	0.07892	0.10436	0.28639	0.20404	0.06877	0.17133	0.15492	0.07477	0.07511	0.20952	0.11994	0.18457	0.03500	0.05346	0.09212	0.02161	0.19264	0.13438	0.14656	0.11783	0.12573	0.05504	0.00000	0.08053	0.00000	0.04806	0.00000	0.00000	0.06604	0.06558	0.16007	0.12468	0.12967	0.15531	0.13541	0.09450	0.17321	0.18558	0.04698	0.25649	0.00000	0.09094	0.14206	0.00000
0.00000	0.00000	0.00000	0.06659	0.00000	0.00000	0.00000	0.09133	0.00000	0.04628	0.00000	0.05451	0.00000	0.07900	0.00000	0.11045	0.02047	0.00000	0.00000	0.00000	0.04069	0.00000	0.06012	0.00000	0.02554	0.00000	0.00000	0.03248	1.00000	0.13571	0.00000	0.04010	0.00000	0.00000	0.00000	0.00000	0.05410	0.00000	0.00000	0.00000	0.00000	0.00000	0.04000	0.03368	0.02358	0.00000	0.00000	0.00000	0.00000	0.02596	0.00000	0.00000	0.00000	0.00000	0.03639	0.00000	0.00000	0.00000	0.00000	0.00000	0.00000	0.00000	0.00000	0.00000	0.00000	0.02964	0.00000	0.00000	0.00000	0.00000	0.00000	0.00000	0.03233	0.00000	0.10389	0.02048	0.00000
0.00000	0.04294	0.07629	0.11956	0.03521	0.00000	0.05775	0.15052	0.03229	0.05486	0.04631	0.02168	0.09457	0.12757	0.04456	0.05315	0.08352	0.00000	0.00000	0.00000	0.03163	0.08568	0.11831	0.07527	0.06235	0.02057	0.04822	0.05286	0.13571	1.00000	0.00000	0.06527	0.09045	0.08227	0.10879	0.05117	0.06402	0.03582	0.00000	0.07327	0.00000	0.00000	0.06512	0.02741	0.09395	0.03474	0.02787	0.07645	0.00000	0.13047	0.00000	0.07628	0.06135	0.05233	0.05635	0.06202	0.08820	0.06157	0.04995	0.04892	0.07260	0.11411	0.04443	0.07910	0.00000	0.04649	0.00000	0.04682	0.09860	0.08066	0.09117	0.00000	0.12975	0.05804	0.12668	0.06689	0.00000
0.20382	0.00000	0.00000	0.11843	0.08137	0.30399	0.14454	0.17868	0.19682	0.20026	0.00000	0.25795	0.11596	0.05489	0.21616	0.24255	0.04337	0.09373	0.04236	0.00000	0.03484	0.12222	0.10523	0.15924	0.17994	0.09965	0.20946	0.23327	0.00000	0.00000	1.00000	0.20011	0.13127	0.00000	0.00000	0.21803	0.10181	0.00000	0.23733	0.20569	0.33020	0.19218	0.15770	0.23520	0.08907	0.04187	0.00000	0.04346	0.00000	0.17454	0.19003	0.00000	0.00000	0.00000	0.13622	0.00000	0.12654	0.00000	0.18460	0.00000	0.00000	0.16701	0.00000	0.13725	0.27349	0.14512	0.18038	0.11272	0.07589	0.16208	0.10924	0.00000	0.21120	0.00000	0.10808	0.14174	0.00000
0.20112	0.00000	0.02255	0.31343	0.13013	0.06725	0.22984	0.06724	0.30877	0.16640	0.00000	0.28569	0.09040	0.08805	0.27923	0.17544	0.08892	0.14231	0.13354	0.10611	0.06041	0.34311	0.15473	0.09384	0.15833	0.10242	0.07503	0.23844	0.04010	0.06527	0.20011	1.00000	0.24547	0.09745	0.06452	0.15937	0.14597	0.00000	0.21479	0.15359	0.07151	0.00000	0.09787	0.06781	0.13281	0.02369	0.01653	0.09815	0.05331	0.18604	0.13827	0.00000	0.03639	0.03126	0.12267	0.00000	0.17222	0.14600	0.11833	0.11612	0.08596	0.01620	0.07871	0.23994	0.26642	0.13928	0.19702	0.08799	0.20089	0.14723	0.09831	0.08449	0.10095	0.00000	0.41302	0.11860	0.00000
0.31442	0.12863	0.32476	0.38835	0.21055	0.08193	0.37813	0.04408	0.24607	0.12480	0.03653	0.17802	0.19283	0.10138	0.16540	0.16513	0.11879	0.20457	0.07586	0.04619	0.10439	0.43845	0.14716	0.18302	0.17619	0.14631	0.12857	0.18463	0.00000	0.09045	0.13127	0.24547	1.00000	0.04863	0.06441	0.14850	0.17253	0.02822	0.27026	0.19535	0.07749	0.02040	0.09029	0.14459	0.15321	0.19294	0.03295	0.07881	0.14943	0.28625	0.04802	0.03004	0.04834	0.17022	0.11543	0.18375	0.16800	0.02425	0.01967	0.01927	0.11585	0.11016	0.12261	0.21001	0.12690	0.13046	0.16807	0.10195	0.16901	0.17082	0.12639	0.09106	0.13147	0.19563	0.07154	0.18901	0.08703
0.00000	0.12913	0.02842	0.13597	0.07881	0.00000	0.02151	0.11149	0.25809	0.18054	0.13849	0.04853	0.03522	0.14374	0.03325	0.23771	0.10124	0.00000	0.00000	0.00000	0.02360	0.07721	0.17670	0.03551	0.09307	0.03070	0.07197	0.07892	0.00000	0.08227	0.00000	0.09745	0.04863	1.00000	0.72144	0.17656	0.16446	0.16116	0.00000	0.12790	0.00000	0.00000	0.07359	0.04145	0.10927	0.00000	0.12562	0.23047	0.03358	0.12802	0.08471	0.50075	0.38093	0.47695	0.02099	0.00000	0.03285	0.13782	0.11181	0.10951	0.08114	0.06128	0.06613	0.08854	0.00000	0.06930	0.00000	0.12304	0.09804	0.10026	0.16723	0.00000	0.09358	0.00000	0.09449	0.12800	0.06778
0.00000	0.17336	0.03758	0.13207	0.10442	0.00000	0.02845	0.14968	0.32111	0.17370	0.18331	0.00000	0.04658	0.14945	0.04396	0.17113	0.06712	0.00000	0.00000	0.00000	0.03121	0.10334	0.21948	0.04699	0.12311	0.02030	0.09515	0.10436	0.00000	0.10879	0.00000	0.06452	0.06441	0.72144	1.00000	0.21656	0.20438	0.21524	0.00000	0.14649	0.00000	0.00000	0.09926	0.05645	0.10978	0.00000	0.16780	0.26942	0.00000	0.10645	0.00000	0.59183	0.44737	0.37694	0.02776	0.00000	0.04344	0.06074	0.04928	0.04826	0.03576	0.08105	0.00000	0.11711	0.00000	0.02290	0.00000	0.16411	0.12983	0.13277	0.20808	0.00000	0.12375	0.00000	0.04165	0.12326	0.09236
0.14446	0.10001	0.10922	0.23569	0.09811	0.16314	0.19084	0.15709	0.31934	0.25682	0.15076	0.19406	0.15768	0.16862	0.25270	0.14612	0.12681	0.13728	0.05464	0.08320	0.12171	0.16682	0.15076	0.52081	0.22486	0.13824	0.22838	0.28639	0.00000	0.05117	0.21803	0.15937	0.14850	0.17656	0.21656	1.00000	0.20101	0.08321	0.16192	0.18319	0.07245	0.07284	0.13668	0.14092	0.23083	0.07041	0.11647	0.12467	0.04180	0.22774	0.16010	0.25761	0.21729	0.16032	0.08227	0.03116	0.15511	0.08306	0.12182	0.17397	0.05651	0.07666	0.08242	0.21898	0.11189	0.13160	0.04868	0.19671	0.12224	0.21324	0.32243	0.06450	0.25096	0.11531	0.10257	0.24273	0.06148
0.14261	0.11850	0.04580	0.13740	0.19686	0.04144	0.11948	0.13052	0.17182	0.31314	0.13361	0.11058	0.07504	0.17670	0.19567	0.22868	0.17989	0.04848	0.00000	0.00000	0.11781	0.16186	0.37283	0.08766	0.14533	0.06429	0.09332	0.20404	0.05410	0.06402	0.10181	0.14597	0.17253	0.16446	0.20438	0.20101	1.00000	0.25562	0.13475	0.24027	0.09048	0.03998	0.15244	0.13973	0.34899	0.07017	0.21856	0.18104	0.03482	0.23478	0.03140	0.21556	0.18197	0.15462	0.02253	0.02611	0.07734	0.06815	0.04261	0.03782	0.09831	0.10742	0.05144	0.09253	0.12114	0.02744	0.04060	0.27484	0.19246	0.19059	0.17291	0.03626	0.17032	0.04643	0.08478	0.26601	0.17831
0.00000	0.16858	0.00000	0.06470	0.06859	0.00000	0.00000	0.14526	0.14960	0.32568	0.45253	0.00000	0.00000	0.10225	0.00000	0.14765	0.08077	0.00000	0.00000	0.00000	0.00000	0.08075	0.23676	0.00000	0.05406	0.00000	0.04705	0.06877	0.00000	0.03582	0.00000	0.00000	0.02822	0.16116	0.21524	0.08321	0.25562	1.00000	0.00000	0.14697	0.00000	0.00000	0.06424	0.05380	0.09616	0.00000	0.54347	0.22562	0.00000	0.05520	0.00000	0.19876	0.15980	0.13624	0.00000	0.00000	0.00000	0.00000	0.00000	0.00000	0.00000	0.03557	0.00000	0.05140	0.00000	0.00000	0.00000	0.24263	0.06401	0.07000	0.16350	0.00000	0.08157	0.00000	0.00000	0.24925	0.21099
0.56147	0.00000	0.14789	0.24311	0.18912	0.17354	0.31266	0.03174	0.20603	0.09914	0.00000	0.22799	0.32786	0.08998	0.24953	0.24614	0.07011	0.14170	0.00000	0.00000	0.00000	0.20072	0.10210	0.11287	0.12477	0.00000	0.04059	0.17133	0.00000	0.00000	0.23733	0.21479	0.27026	0.00000	0.00000	0.16192	0.13475	0.00000	1.00000	0.13015	0.06837	0.00000	0.08310	0.11561	0.06608	0.12234	0.00000	0.03347	0.00000	0.22827	0.07064	0.00000	0.00000	0.31484	0.00000	0.00000	0.09418	0.00000	0.00000	0.00000	0.09259	0.07085	0.11262	0.14255	0.26942	0.03907	0.14228	0.07927	0.17478	0.14339	0.07611	0.00000	0.08755	0.09954	0.08059	0.12455	0.00000
0.12097	0.07671	0.17848	0.25896	0.10921	0.14270	0.15511	0.13241	0.14706	0.26442	0.12904	0.20753	0.15213	0.17346	0.24583	0.17583	0.19666	0.09208	0.03340	0.07934	0.10124	0.24036	0.19540	0.10610	0.17747	0.13158	0.15416	0.15492	0.00000	0.07327	0.20569	0.15359	0.19535	0.12790	0.14649	0.18319	0.24027	0.14697	0.13015	1.00000	0.19611	0.09273	0.20452	0.26726	0.22197	0.19449	0.16547	0.13904	0.07976	0.23221	0.08202	0.10144	0.08144	0.14157	0.14264	0.05480	0.11698	0.05450	0.16130	0.06496	0.09861	0.25630	0.12029	0.08819	0.06619	0.10419	0.04638	0.17902	0.10176	0.20666	0.15968	0.12162	0.20784	0.07809	0.07477	0.22453	0.11477
0.05550	0.00000	0.00000	0.07049	0.05120	0.22509	0.04369	0.13118	0.02284	0.19729	0.00000	0.21932	0.00000	0.02997	0.06549	0.18554	0.10746	0.11721	0.02643	0.00000	0.09040	0.10207	0.04847	0.11823	0.13377	0.13115	0.17775	0.07477	0.00000	0.00000	0.33020	0.07151	0.07749	0.00000	0.00000	0.07245	0.09048	0.00000	0.06837	0.19611	1.00000	0.53652	0.33569	0.51068	0.12973	0.02467	0.00000	0.05385	0.09519	0.12044	0.05204	0.00000	0.00000	0.00000	0.14262	0.00000	0.00000	0.00000	0.18453	0.00000	0.00000	0.22404	0.00000	0.05635	0.16175	0.11550	0.03701	0.09926	0.04658	0.13418	0.03092	0.09621	0.17881	0.00000	0.00000	0.13831	0.00000
0.00000	0.00000	0.00000	0.04627	0.00000	0.18243	0.00000	0.17525	0.00000	0.14177	0.00000	0.06230	0.00000	0.08007	0.00000	0.12195	0.11162	0.07800	0.00000	0.00000	0.05940	0.03868	0.02144	0.09069	0.13720	0.09725	0.13625	0.07511	0.00000	0.00000	0.19218	0.00000	0.02040	0.00000	0.00000	0.07284	0.03998	0.00000	0.00000	0.09273	0.53652	1.00000	0.41919	0.37911	0.08553	0.03288	0.00000	0.07168	0.04229	0.09971	0.06985	0.00000	0.00000	0.00000	0.07985	0.00000	0.00000	0.00000	0.14191	0.00000	0.00000	0.21930	0.00000	0.00000	0.00000	0.08768	0.00000	0.15638	0.00000	0.07681	0.04150	0.04269	0.14230	0.00000	0.00000	0.07321	0.00000
0.06524	0.07778	0.06850	0.11782	0.06265	0.08545	0.06851	0.26849	0.07958	0.25728	0.02742	0.20594	0.08501	0.21551	0.05292	0.15376	0.27093	0.12307	0.02222	0.00000	0.03737	0.16128	0.12244	0.12762	0.28506	0.15858	0.13195	0.20952	0.04000	0.06512	0.15770	0.09787	0.09029	0.07359	0.09926	0.13668	0.15244	0.06424	0.08310	0.20452	0.33569	0.41919	1.00000	0.54053	0.22179	0.11322	0.05089	0.13755	0.07984	0.20072	0.11052	0.00000	0.00000	0.06206	0.10561	0.00000	0.02601	0.03637	0.12224	0.02890	0.09263	0.16900	0.13450	0.07085	0.04453	0.11515	0.06234	0.17270	0.05837	0.17828	0.14368	0.08067	0.27747	0.11688	0.07481	0.18158	0.10292
0.14042	0.10839	0.16699	0.18717	0.05256	0.27882	0.12005	0.24478	0.10074	0.27301	0.02309	0.25328	0.14441	0.18228	0.00000	0.20085	0.22636	0.10335	0.01870	0.00000	0.06354	0.14515	0.13872	0.17898	0.27343	0.10287	0.21224	0.11994	0.03368	0.02741	0.23520	0.06781	0.14459	0.04145	0.05645	0.14092	0.13973	0.05380	0.11561	0.26726	0.51068	0.37911	0.54053	1.00000	0.14074	0.18121	0.04262	0.09932	0.04478	0.27293	0.03708	0.00000	0.00000	0.07837	0.11794	0.06442	0.02365	0.00000	0.16136	0.00000	0.17005	0.20407	0.11070	0.01983	0.00000	0.17659	0.02618	0.15279	0.04897	0.09420	0.09897	0.11731	0.22056	0.14908	0.08801	0.20425	0.13026
0.06245	0.17594	0.03765	0.15461	0.14061	0.04766	0.07769	0.19935	0.11021	0.30246	0.09402	0.22471	0.03110	0.20575	0.14891	0.19149	0.27312	0.05536	0.07617	0.09180	0.08234	0.15793	0.32467	0.15028	0.17464	0.16084	0.12396	0.18457	0.02358	0.09395	0.08907	0.13281	0.15321	0.10927	0.10978	0.23083	0.34899	0.09616	0.06608	0.22197	0.12973	0.08553	0.22179	0.14074	1.00000	0.04688	0.13107	0.19222	0.04498	0.28616	0.13142	0.07561	0.12336	0.05184	0.10636	0.02037	0.05850	0.04055	0.08437	0.04834	0.05989	0.09955	0.08880	0.09194	0.04943	0.15702	0.03464	0.26787	0.20646	0.28000	0.21302	0.10579	0.32479	0.05808	0.07028	0.28681	0.07328
0.22703	0.03092	0.24377	0.22984	0.04653	0.03039	0.19705	0.04877	0.02318	0.07251	0.00000	0.08467	0.15257	0.10020	0.03054	0.06758	0.08924	0.05492	0.00000	0.00000	0.10348	0.21853	0.07432	0.14106	0.10757	0.08033	0.09561	0.03500	0.00000	0.03474	0.04187	0.02369	0.19294	0.00000	0.00000	0.07041	0.07017	0.00000	0.12234	0.19449	0.02467	0.03288	0.11322	0.18121	0.04688	1.00000	0.00000	0.02683	0.02828	0.21283	0.00000	0.00000	0.00000	0.10162	0.05349	0.12540	0.15505	0.00000	0.00000	0.00000	0.27617	0.16070	0.12503	0.02747	0.05113	0.05874	0.03586	0.04556	0.04311	0.03527	0.05769	0.02886	0.06330	0.30009	0.05837	0.12396	0.06113
0.01850	0.17948	0.00000	0.05043	0.10680	0.00000	0.01460	0.11405	0.11660	0.35783	0.54526	0.00000	0.00000	0.09216	0.02253	0.14399	0.07744	0.00000	0.00000	0.00000	0.00000	0.10506	0.21908	0.06028	0.06305	0.01040	0.07350	0.05346	0.00000	0.02787	0.00000	0.01653	0.03295	0.12562	0.16780	0.11647	0.21856	0.54347	0.00000	0.16547	0.00000	0.00000	0.05089	0.04262	0.13107	0.00000	1.00000	0.19507	0.00000	0.05378	0.00000	0.15454	0.15526	0.10593	0.00000	0.00000	0.00000	0.00000	0.00000	0.09937	0.00000	0.02768	0.00000	0.03999	0.00000	0.00000	0.00000	0.27425	0.08304	0.13737	0.17994	0.00000	0.10306	0.00000	0.00000	0.32452	0.18097
0.02605	0.15112	0.02641	0.14197	0.09830	0.00000	0.04051	0.20797	0.18986	0.19161	0.22579	0.09083	0.03273	0.10454	0.06259	0.14320	0.10464	0.02962	0.02594	0.00000	0.02193	0.11789	0.17646	0.01649	0.08647	0.04279	0.20178	0.09212	0.00000	0.07645	0.04346	0.09815	0.07881	0.23047	0.26942	0.12467	0.18104	0.22562	0.03347	0.13904	0.05385	0.07168	0.13755	0.09932	0.19222	0.02683	0.19507	1.00000	0.03120	0.13572	0.00000	0.21196	0.17041	0.14529	0.03901	0.00000	0.03053	0.04268	0.03463	0.03391	0.02513	0.11407	0.00000	0.13824	0.05307	0.04828	0.03722	0.29436	0.11451	0.09368	0.13751	0.03587	0.15654	0.00000	0.02927	0.18210	0.06392
0.00000	0.00000	0.00000	0.13600	0.06060	0.00000	0.02365	0.00000	0.05280	0.02987	0.00000	0.18273	0.00000	0.01737	0.03641	0.02100	0.04098	0.45480	0.03110	0.09571	0.13532	0.28536	0.01948	0.15710	0.15728	0.19174	0.13160	0.02161	0.00000	0.00000	0.00000	0.05331	0.14943	0.03358	0.00000	0.04180	0.03482	0.00000	0.00000	0.07976	0.09519	0.04229	0.07984	0.04478	0.04498	0.02828	0.00000	0.03120	1.00000	0.00000	0.02998	0.00000	0.00000	0.00000	0.05494	0.00000	0.07217	0.00000	0.00000	0.00000	0.00000	0.02238	0.03621	0.00000	0.00000	0.10109	0.00000	0.01912	0.00000	0.04626	0.04282	0.11149	0.08241	0.00000	0.03449	0.08473	0.00000
0.26119	0.14074	0.22691	0.34334	0.15001	0.07423	0.25153	0.15749	0.12924	0.16976	0.03557	0.19520	0.17774	0.20853	0.10472	0.25469	0.25295	0.04825	0.00000	0.00000	0.04907	0.24318	0.18733	0.15238	0.18695	0.07155	0.11311	0.19264	0.02596	0.13047	0.17454	0.18604	0.28625	0.12802	0.10645	0.22774	0.23478	0.05520	0.22827	0.23221	0.12044	0.09971	0.20072	0.27293	0.28616	0.21283	0.05378	0.13572	0.00000	1.00000	0.11986	0.05853	0.11994	0.18905	0.08658	0.12967	0.12527	0.07084	0.11516	0.05629	0.14421	0.23331	0.15563	0.26546	0.09584	0.14411	0.10158	0.16347	0.20402	0.22049	0.13657	0.05297	0.20772	0.13886	0.08094	0.19685	0.06952
0.07089	0.00000	0.00000	0.06890	0.02339	0.13960	0.04646	0.10944	0.09346	0.20515	0.00000	0.21814	0.06944	0.13050	0.12748	0.03465	0.08498	0.05645	0.05057	0.22488	0.04716	0.04372	0.01587	0.15585	0.14804	0.10311	0.06861	0.13438	0.00000	0.00000	0.19003	0.13827	0.04802	0.08471	0.00000	0.16010	0.03140	0.00000	0.07064	0.08202	0.05204	0.06985	0.11052	0.03708	0.13142	0.00000	0.00000	0.00000	0.02998	0.11986	1.00000	0.00000	0.00000	0.00000	0.08069	0.00000	0.13470	0.08221	0.13369	0.06533	0.04840	0.03696	0.09083	0.00000	0.11415	0.09486	0.00000	0.06876	0.00000	0.10992	0.14098	0.06089	0.13893	0.00000	0.17769	0.11457	0.00000
0.00000	0.11895	0.00000	0.09150	0.09752	0.00000	0.00000	0.10277	0.33151	0.18279	0.19271	0.00000	0.00000	0.11767	0.00000	0.26513	0.02304	0.00000	0.00000	0.00000	0.00000	0.05699	0.23109	0.00000	0.11523	0.00000	0.10024	0.14656	0.00000	0.07628	0.00000	0.00000	0.03004	0.50075	0.59183	0.25761	0.21556	0.19876	0.00000	0.10144	0.00000	0.00000	0.00000	0.00000	0.07561	0.00000	0.15454	0.21196	0.00000	0.05853	0.00000	1.00000	0.67281	0.57788	0.00000	0.00000	0.00000	0.00000	0.00000	0.00000	0.00000	0.07583	0.00000	0.10956	0.00000	0.00000	0.00000	0.12990	0.09095	0.07440	0.21903	0.00000	0.13904	0.00000	0.00000	0.12982	0.00000
0.04073	0.14393	0.00000	0.09194	0.11769	0.00000	0.03215	0.08280	0.24536	0.13405	0.15473	0.00000	0.00000	0.11825	0.04961	0.25213	0.03707	0.00000	0.00000	0.00000	0.00000	0.06882	0.17013	0.00000	0.11577	0.00000	0.08048	0.11783	0.00000	0.06135	0.00000	0.03639	0.04834	0.38093	0.44737	0.21729	0.18197	0.15980	0.00000	0.08144	0.00000	0.00000	0.00000	0.00000	0.12336	0.00000	0.15526	0.17041	0.00000	0.11994	0.00000	0.67281	1.00000	0.42902	0.00000	0.00000	0.00000	0.00000	0.00000	0.00000	0.00000	0.06109	0.00000	0.13304	0.00000	0.00000	0.00000	0.13049	0.18631	0.15245	0.16069	0.00000	0.13970	0.00000	0.00000	0.10956	0.00000
0.24934	0.08156	0.16685	0.18252	0.10046	0.00000	0.10986	0.07046	0.23885	0.11390	0.13211	0.08242	0.13635	0.14185	0.00000	0.33941	0.06323	0.00000	0.00000	0.00000	0.00000	0.13926	0.21222	0.00000	0.13816	0.00000	0.06871	0.12573	0.00000	0.05233	0.00000	0.03126	0.17022	0.47695	0.37694	0.16032	0.15462	0.13624	0.31484	0.14157	0.00000	0.00000	0.06206	0.07837	0.05184	0.10162	0.10593	0.14529	0.00000	0.18905	0.00000	0.57788	0.42902	1.00000	0.00000	0.00000	0.00000	0.00000	0.00000	0.00000	0.10443	0.13190	0.08496	0.11319	0.00000	0.00000	0.05000	0.08904	0.06236	0.05101	0.13652	0.00000	0.09531	0.11227	0.00000	0.11773	0.00000
0.00000	0.00000	0.07787	0.11208	0.04099	0.13978	0.07358	0.09652	0.08841	0.12642	0.00000	0.12865	0.07240	0.05453	0.07478	0.10845	0.09517	0.04842	0.43334	0.10840	0.18523	0.11927	0.09994	0.11356	0.14885	0.41675	0.22489	0.05504	0.03639	0.05635	0.13622	0.12267	0.11543	0.02099	0.02776	0.08227	0.02253	0.00000	0.00000	0.14264	0.14262	0.07985	0.10561	0.11794	0.10636	0.05349	0.00000	0.03901	0.05494	0.08658	0.08069	0.00000	0.00000	0.00000	1.00000	0.06316	0.16395	0.03142	0.18901	0.02496	0.03700	0.08599	0.02261	0.08261	0.00000	0.65892	0.08218	0.04800	0.05027	0.12771	0.13187	0.19579	0.10910	0.02953	0.07076	0.11621	0.00000
0.15423	0.15455	0.23501	0.09646	0.00000	0.00000	0.10755	0.00000	0.00000	0.02231	0.00000	0.00000	0.17177	0.02381	0.00000	0.00000	0.03739	0.00000	0.00000	0.00000	0.03854	0.07128	0.02562	0.11127	0.04881	0.02506	0.02939	0.00000	0.00000	0.06202	0.00000	0.00000	0.18375	0.00000	0.00000	0.03116	0.02611	0.00000	0.00000	0.05480	0.00000	0.00000	0.00000	0.06442	0.02037	0.12540	0.00000	0.00000	0.00000	0.12967	0.00000	0.00000	0.00000	0.00000	0.06316	1.00000	0.36290	0.00000	0.00000	0.00000	0.12639	0.06545	0.04970	0.00000	0.00000	0.05211	0.00000	0.00000	0.03683	0.03013	0.15252	0.00000	0.02813	0.13995	0.00000	0.07476	0.05346
0.13148	0.03761	0.15804	0.17899	0.02807	0.09996	0.20769	0.00000	0.14435	0.12996	0.00000	0.07678	0.25259	0.03390	0.19709	0.00000	0.05324	0.10117	0.06029	0.14319	0.13433	0.17428	0.05553	0.15322	0.14277	0.12336	0.10284	0.08053	0.00000	0.08820	0.12654	0.17222	0.16800	0.03285	0.04344	0.15511	0.07734	0.00000	0.09418	0.11698	0.00000	0.00000	0.02601	0.02365	0.05850	0.15505	0.00000	0.03053	0.07217	0.12527	0.13470	0.00000	0.00000	0.00000	0.16395	0.36290	1.00000	0.04917	0.03989	0.03907	0.08925	0.06847	0.07104	0.03159	0.15227	0.15068	0.00000	0.03752	0.05245	0.06437	0.23663	0.07259	0.10887	0.09936	0.18751	0.17488	0.03785
0.00000	0.00000	0.04253	0.01834	0.00000	0.00000	0.03220	0.00000	0.00000	0.06126	0.00000	0.07278	0.05272	0.16701	0.04976	0.00000	0.09347	0.00000	0.00000	0.00000	0.10114	0.02297	0.02550	0.07607	0.06662	0.02297	0.02692	0.00000	0.00000	0.06157	0.00000	0.14600	0.02425	0.13782	0.06074	0.08306	0.06815	0.00000	0.00000	0.05450	0.00000	0.00000	0.03637	0.00000	0.04055	0.00000	0.00000	0.04268	0.00000	0.07084	0.08221	0.00000	0.00000	0.00000	0.03142	0.00000	0.04917	1.00000	0.51849	0.38799	0.38637	0.03057	0.09899	0.04416	0.00000	0.07778	0.00000	0.02614	0.03667	0.03000	0.02445	0.09763	0.02800	0.00000	0.18887	0.01443	0.00000
0.00000	0.00000	0.03451	0.02978	0.00000	0.25599	0.02612	0.13907	0.00000	0.15475	0.00000	0.16305	0.04277	0.19301	0.04037	0.12308	0.14002	0.00000	0.00000	0.00000	0.09195	0.01864	0.06232	0.11329	0.11889	0.07500	0.11204	0.04806	0.00000	0.04995	0.18460	0.11833	0.01967	0.11181	0.04928	0.12182	0.04261	0.00000	0.00000	0.16130	0.18453	0.14191	0.12224	0.16136	0.08437	0.00000	0.00000	0.03463	0.00000	0.11516	0.13369	0.00000	0.00000	0.00000	0.18901	0.00000	0.03989	0.51849	1.00000	0.31352	0.36814	0.09991	0.08031	0.03583	0.00000	0.14954	0.00000	0.08528	0.02975	0.12259	0.05964	0.05129	0.11826	0.00000	0.15307	0.04702	0.00000
0.00000	0.00000	0.03379	0.01457	0.00000	0.00000	0.02558	0.00000	0.00000	0.11388	0.16556	0.05790	0.04189	0.13314	0.03954	0.00000	0.08912	0.00000	0.00000	0.00000	0.02806	0.03651	0.04053	0.10596	0.03689	0.03651	0.08636	0.00000	0.00000	0.04892	0.00000	0.11612	0.01927	0.10951	0.04826	0.17397	0.03782	0.00000	0.00000	0.06496	0.00000	0.00000	0.02890	0.00000	0.04834	0.00000	0.09937	0.03391	0.00000	0.05629	0.06533	0.00000	0.00000	0.00000	0.02496	0.00000	0.03907	0.38799	0.31352	1.00000	0.34014	0.02429	0.07866	0.03509	0.00000	0.06180	0.00000	0.06241	0.02913	0.04768	0.11775	0.00000	0.04451	0.00000	0.15021	0.10019	0.03870
0.12506	0.05756	0.18995	0.15742	0.02337	0.00000	0.11883	0.02472	0.00000	0.07383	0.00000	0.11690	0.15770	0.21753	0.02930	0.05135	0.12146	0.00000	0.00000	0.00000	0.06922	0.11389	0.07822	0.13272	0.14608	0.02709	0.03176	0.00000	0.00000	0.07260	0.00000	0.08596	0.11585	0.08114	0.03576	0.05651	0.09831	0.00000	0.09259	0.09861	0.00000	0.00000	0.09263	0.17005	0.05989	0.27617	0.00000	0.02513	0.00000	0.14421	0.04840	0.00000	0.00000	0.10443	0.03700	0.12639	0.08925	0.38637	0.36814	0.34014	1.00000	0.09207	0.21543	0.02600	0.00000	0.07654	0.00000	0.06361	0.06482	0.05303	0.04322	0.04089	0.03298	0.25857	0.17625	0.08668	0.02894
0.05589	0.04265	0.14486	0.14393	0.05263	0.09662	0.08900	0.12977	0.03209	0.10069	0.02299	0.07843	0.14664	0.10695	0.02212	0.16037	0.15436	0.02071	0.00000	0.00000	0.07886	0.11466	0.10413	0.07168	0.13532	0.08232	0.14620	0.06604	0.00000	0.11411	0.16701	0.01620	0.11016	0.06128	0.08105	0.07666	0.10742	0.03557	0.07085	0.25630	0.22404	0.21930	0.16900	0.20407	0.09955	0.16070	0.02768	0.11407	0.02238	0.23331	0.03696	0.07583	0.06109	0.13190	0.08599	0.06545	0.06847	0.03057	0.09991	0.02429	0.09207	1.00000	0.06693	0.05892	0.00000	0.12878	0.00000	0.11681	0.06526	0.09404	0.08861	0.02266	0.20039	0.08811	0.02096	0.11792	0.00000
0.05940	0.00000	0.09360	0.07968	0.08503	0.03834	0.11654	0.00000	0.05198	0.05880	0.00000	0.15742	0.15410	0.20907	0.00000	0.04179	0.20991	0.06684	0.00000	0.00000	0.00000	0.10273	0.03679	0.05736	0.06716	0.01655	0.03879	0.06558	0.00000	0.04443	0.00000	0.07871	0.12261	0.06613	0.00000	0.08242	0.05144	0.00000	0.11262	0.12029	0.00000	0.00000	0.13450	0.11070	0.08880	0.12503	0.00000	0.00000	0.03621	0.15563	0.09083	0.00000	0.00000	0.08496	0.02261	0.04970	0.07104	0.09899	0.08031	0.07866	0.21543	0.06693	1.00000	0.00000	0.00000	0.09331	0.00000	0.03764	0.07917	0.08636	0.05280	0.00000	0.08756	0.35059	0.06786	0.05218	0.00000
0.10695	0.09281	0.02732	0.24184	0.12734	0.00000	0.17200	0.08027	0.27342	0.09243	0.03322	0.11051	0.03387	0.04568	0.12948	0.19053	0.04781	0.03032	0.05427	0.00000	0.02269	0.17372	0.15356	0.01706	0.05970	0.04462	0.05200	0.16007	0.00000	0.07910	0.13725	0.23994	0.21001	0.08854	0.11711	0.21898	0.09253	0.05140	0.14255	0.08819	0.05635	0.00000	0.07085	0.01983	0.09194	0.02747	0.03999	0.13824	0.00000	0.26546	0.00000	0.10956	0.13304	0.11319	0.08261	0.00000	0.03159	0.04416	0.03583	0.03509	0.02600	0.05892	0.00000	1.00000	0.19624	0.06728	0.31285	0.10591	0.16606	0.13587	0.04712	0.06526	0.05398	0.00000	0.03028	0.08400	0.00000
